1:2,6,32
2:1,6,7,9
3:4,9,13
4:3,7,8,9
5:6,7,8,15
6:1,2,5,7
7:2,4,5,6,8,9
8:4,5,7
9:2,3,4,7
10:11,12
11:10,12,13,25
12:10,11,13
13:11,12,3
14:15,16,17,20
15:5,14,17
16:14,17,18,19,20
17:14,15,16,19
18:16,19,20,23,25,33
19:16,17,18,27,33,37
20:14,16,18,25
21:22,25,26
22:21,23,24,26
23:18,22,25,33
24:22,26
25:18,20,21,22,23
26:21,24
27:19,28,29,33,37
28:27,29,34,35,36,37
29:27,28,33,35
30:32,34,36,38
31:32,34
32:1,30,31,34,38
33:18,19,23,27,29
34:28,30,31,32,36
35:28,29,40
36:28,30,34,37,38
37:19,27,36
38:30,32,36
39:41,42
40:35,41,42
41:39,40,42
42:39,40,41